0,555
34,196
34,195
34,194
34,193
24,36
34,192
34,128
34,125
34,124
34,123
34,122
34,121
34,120
34,119
34,118
34,117
34,116
34,115
34,114
34,113
34,112
34,111
34,110
34,109
34,108
34,107
0,554
0,553
0,552
0,551
0,550
0,549
0,548
0,547
0,546
0,545
0,544
0,543
0,542
0,541
0,540
0,539
0,538
0,537
34,106
32,10
32,9
70,3
70,2
70,1
70,0
69,5
69,4
69,3
69,2
69,1
69,0
68,4
68,3
68,2
68,1
68,0
14,13
67,3
67,2
67,1
67,0
66,5
66,4
66,3
66,2
66,1
66,0
14,12
65,5
65,4
65,3
65,2
65,1
65,0
64,7
64,6
64,5
64,4
64,3
64,2
64,1
64,0
63,6
63,5
63,4
63,3
63,2
63,1
63,0
14,11
62,4
62,3
62,2
0,536
62,1
62,0
0,535
0,534
61,4
61,3
61,2
0,533
61,1
61,0
0,532
60,4
60,3
60,2
0,531
60,1
60,0
0,530
0,529
59,3
59,2
0,528
59,1
59,0
0,527
58,4
58,3
58,2
0,526
58,1
58,0
0,525
0,524
57,9
57,8
57,7
57,6
57,5
57,4
57,3
57,2
0,523
57,1
57,0
14,10
0,522
0,521
56,5
56,4
56,3
56,2
56,1
56,0
55,4
55,3
55,2
0,520
55,1
55,0
14,9
54,4
54,3
54,2
54,1
54,0
53,5
53,4
53,3
53,2
53,1
53,0
52,4
52,3
52,2
0,519
52,1
52,0
0,518
51,3
51,2
0,517
51,1
51,0
0,516
0,515
50,5
50,4
50,3
50,2
0,514
50,1
50,0
0,513
0,512
49,3
49,2
49,1
49,0
48,5
48,4
48,3
48,2
0,511
48,1
48,0
47,7
47,6
47,5
47,4
47,3
47,2
47,1
47,0
14,8
0,510
0,509
46,5
46,4
46,3
46,2
